#jsoidjasoido#

#map

21302130303031313030302121303130313131213130212121212130313021303121212121313030
30213021303031213030213030212131213021303121212130313130213021312130302121213030
31213031212121213130303131313031213131313031212130312121213030213121213030213130
21302131303131213021213131213131213030303031212130302131302131313030302121213030
21212131303031312121303130303121212121212130313130312121303031303021303030303030

30213031303121303131303030212130212121212131213121313131302121303021213021302130

30213131212121312130303030213030313021312131302130303021213021303031303130212130
30303030213021303030303021213021213121313021213030302130303121313130213021302130

21213031303021302130213130302131313130313031303021303031302130213121213030312130

21213130212130213121303030213031213031303021313021303031313121213030303030212130

30302130303031213130213031212121302130303030213130303021212121212131212130303130

21303021312131213021212121302131213030303030313021313031212131213030303131313030

21302130212121302121213121303030302130303130313130213021313030313021303021212130

30212130213021312130212121302130303131312121212121303021312130213021312121303030

30212121302130303031213030312130212121302131303121303031213030302130303131213030

21313030302130213021303030213131313121213021313131213021212121212131303121212130

21213030302130303031312130312121212130213030303121313030213131213030313030213030

31302121303130312121302130213030302121213130213131302130213021213021212121212130

21213030303031213021212130213131212131312121213121213031313130303030212131302130

21212121313031312131302130303131303130303130213021303030213021313131213121303130

31212121302130313130312130313021303030213121303031212130303021303021312130213030

21302121213130313031303131212130213130212130302121302130302121302130213121213130

30302130302121212121302131302121213021212131303131313030212130213131213030303130

21212130303130213031313121213121303030303030303031302121212121303030313121313030

30302130302130213021312131303030303031303030303031303121302121213031303131302130

21302121302130212131303030313021313021303121313021302130303021213030302131213030

21302121212121303121213030302130213031213121312121212131213021303021303121302130

31302121213031213121303030303130303121302130312121303021212131302130303131303030

21213131212131212130302121312131212131302121302131213021303031313031303031212130

31303030213021213030302121313121213021303021303031303031313031213030303021312130

21313021213031212130302130303121212130312130303030213121302131313030302130312130

31313130213121313021213130313021213121313021212131212131313121213031213021212130

21313021302121212130212131303030213030303021312121312121213121212130313030313130

30312121302130213030312130212121303021213030303021212130302130302121313021212130

21312130303021303030303030302121302121302121302121213030212131303130313030313130

31302121303030303131313031213130213121302121303021303021302121313021303130302130

31213030302130212121213131213121213130303031303030212131312121302130302131212130

30302131302121212131303121312130303121212121212121303021303021302130303030303030

30213021213030213021302131303021303121313031313121312130302130213031213030312130

31302121212130303021213031212131312121213021312121313031303130313130313121302130

30303030302130313121313031213031212130302130313021313031313131302131212121302130

30312121213030213031213130303021303030313130212130213131313121302130212130303030

21303030212121303131303031212131213031302121302121302130213021213021213021312130

21212130212121213021303030303030213021313030312131213021302130303030313121312130

21302121213021312130213121302121313121213030303121213021303030303031213031302130

21212130303130213021213130302131312121212121213130313130302121313030303121213030

21302131312130303021212130213021313021313021212121303030213021213130303121303130

31303021303031213030212130212130302121303031313130312121302121213021313031302130

21212131302121212131213130302130212130212121313030303130313031212130303030312130

30312130302121212131302121212121212121312121312130213021213021303030212121302130

30303030313031212130303030303021302121302121213121212121302131213021212130212130

21302131212130213121213031303031213021213021312131303021302121212131313030312130

30302121313121313130213130303030313130302130312121312130213030302121313021302130

30313021303131213030303121303130303121302131303131313030312131303021212131303030

21213121302131212121313031302130313030303130313121303031213121212130212121213030

30303130303030302130302131213130303021313021213021303030313021212121302130212130

21213030312130212130303131212131313131213030313031212131302130213131302121302130

30302131313131213030213030303031213031303021302121213030213030212130213131303030

21303021303030213021302131212131213030212121302130213121213021303031303130302130

21312121312121213130302130303021312130212131313121212121303021213121212121303130

30312121302130213030212121303021302130213031303021313021302131313030303031212130

21312121302131312130212131313031313030302130212121303131303021313131212121302130

31303121303030303030213021303030303021312121213031212121313130213021212130213130

21302130213030313121312130212131302121303021303121212121213030212121303030212130

21213030303021313021303030302131302121303121303030303031212131303030213030313130

31303021312130212121302121212131213130303130303031213130213030302121213130302130

30312131303130213130213030313031213030312131213031303021303130313130303130213130

21313031213030212130213130313130313031212121213131302130303031212121213130212130

21312130312131303131302121302131302131213021212130303130212131302130303030213030

21303021212130213031312121302130213021303130212121213030213121302130213030213030

31213130303030313030212121312130303130313021213121212121213121212121213030303030

30313021213131302130302131213021213121302121212131213021213121303130303121213030

21312130213030213121302130313021313030303030312130312121213021212131303121313130

30312131303030303030213030303031312121313030302121302121213131212131212130212130

31213130313031302121212121302121312131313031302131212130303131212131303021213130

21213130213030213021213021313131303021212131213121213121212131212130213130213030

31212121303021303030212131313130312121302121313021213130313121303031212130212130

30303030212121212121212121312131302130212121212121212121303031312131303130213130

30213031212121212130303031213030212130303021313121303130302121213031302121213030

01100101110110011001100111011010110110100111010110110111101011010101101110101110

#end_map

#flow
#end_flow
#taxi

10,0,1,(71,43)

11,0,2,(71,43)

12,0,3,(71,43)

#end_taxi


#request

[CR,(71,43),(50,50)]


#end_request